1;María;  3.4;2.4;4.6; 3.82 
2;Diego ; 4.5;4.3;2.3; 3.12 
4;Juan;   3.6;2.6;3.4; 3.18 
5;Carlos; 2.5;3.4;3.6; 3.43 
7;Alberto;4.6;3.8;4.8; 4.48 
1;María;  3.4;2.4;4.6; 3.82 
2;Diego ; 4.5;4.3;2.3; 3.12 
4;Juan;   3.6;2.6;3.4; 3.18 
5;Carlos; 2.5;3.4;3.6; 3.43 
7;Alberto;4.6;3.8;4.8; 4.48 
1;María;  3.4;2.4;4.6; 3.82 
2;Diego ; 4.5;4.3;2.3; 3.12 
4;Juan;   3.6;2.6;3.4; 3.18 
5;Carlos; 2.5;3.4;3.6; 3.43 
7;Alberto;4.6;3.8;4.8; 4.48 
1;María;  3.4;2.4;4.6; 3.82 
2;Diego ; 4.5;4.3;2.3; 3.12 
4;Juan;   3.6;2.6;3.4; 3.18 
5;Carlos; 2.5;3.4;3.6; 3.43 
7;Alberto;4.6;3.8;4.8; 4.48 
7;Alberto;4.6;3.8;4.8; 4.48 
7;Alberto;4.6;3.8;4.8; 4.48 
7;Alberto;4.6;3.8;4.8; 4.48 
7;Alberto;4.6;3.8;4.8; 4.48 
7;Alberto;4.6;3.8;4.8; 4.48 
7;Alberto;4.6;3.8;4.8; 4.48 
7;Alberto;4.6;3.8;4.8; 4.48 
7;Alberto;4.6;3.8;4.8; 4.48 
7;Alberto;4.6;3.8;4.8; 4.48 
7;Alberto;4.6;3.8;4.8; 4.48 
7;Alberto;4.6;3.8;4.8; 4.48 
7;Alberto;4.6;3.8;4.8; 4.48 
7;Alberto;4.6;3.8;4.8; 4.48 
7;Alberto;4.6;3.8;4.8; 4.48 
7;Alberto;4.6;3.8;4.8; 4.48 
7;Alberto;4.6;3.8;4.8; 4.48 
7;Alberto;4.6;3.8;4.8; 4.48 
7;Alberto;4.6;3.8;4.8; 4.48 
7;Alberto;4.6;3.8;4.8; 4.48 
7;Alberto;4.6;3.8;4.8; 4.48 
7;Alberto;4.6;3.8;4.8; 4.48 
7;Alberto;4.6;3.8;4.8; 4.48 
7;Alberto;4.6;3.8;4.8; 4.48 
7;Alberto;4.6;3.8;4.8; 4.48 
7;Alberto;4.6;3.8;4.8; 4.48 
7;Alberto;4.6;3.8;4.8; 4.48 
7;Alberto;4.6;3.8;4.8; 4.48 
1;María;  3.4;2.4;4.6; 3.82 
1;María;  3.4;2.4;4.6; 3.82 
2;Diego ; 4.5;4.3;2.3; 3.12 
4;Juan;   3.6;2.6;3.4; 3.18 
5;Carlos; 2.5;3.4;3.6; 3.43 
7;Alberto;4.6;3.8;4.8; 4.48 
1;María;  3.4;2.4;4.6; 3.82 
2;Diego ; 4.5;4.3;2.3; 3.12 
4;Juan;   3.6;2.6;3.4; 3.18 
5;Carlos; 2.5;3.4;3.6; 3.43 
7;Alberto;4.6;3.8;4.8; 4.48 
1;María;  3.4;2.4;4.6; 3.82 
2;Diego ; 4.5;4.3;2.3; 3.12 
4;Juan;   3.6;2.6;3.4; 3.18 
5;Carlos; 2.5;3.4;3.6; 3.43 
7;Alberto;4.6;3.8;4.8; 4.48 
1;María;  3.4;2.4;4.6; 3.82 
2;Diego ; 4.5;4.3;2.3; 3.12 
4;Juan;   3.6;2.6;3.4; 3.18 
5;Carlos; 2.5;3.4;3.6; 3.43 
7;Alberto;4.6;3.8;4.8; 4.48 
7;Alberto;4.6;3.8;4.8; 4.48 
7;Alberto;4.6;3.8;4.8; 4.48 
7;Alberto;4.6;3.8;4.8; 4.48 
7;Alberto;4.6;3.8;4.8; 4.48 
7;Alberto;4.6;3.8;4.8; 4.48 
7;Alberto;4.6;3.8;4.8; 4.48 
7    Alberto    4.6    3.8    4.8     4.8 
8    Ana    2.6    4.1    2.3     4.4 
10    Carlos    3.7    2.8    1.0     5.1 
7;Alberto;4.6;3.8;4.8; 4.48 
7;Alberto;4.6;3.8;4.8; 4.48 
7;Alberto;4.6;3.8;4.8; 4.48 
4    Juan;3.6;2.6;3.4; 3.18 
4    Juan;3.6;2.6;3.4; 3.18 
7;Alberto;4.6;3.8;4.8; 4.48 
7;Alberto;4.6;3.8;4.8; 4.48 
4    Juan;3.6;2.6;3.4; 3.18 
4    Juan;3.6;2.6;3.4; 3.18 
4    Juan;3.6;2.6;3.4; 3.18 
7;Alberto;4.6;3.8;4.8; 4.48 
7    Alberto    4.6    3.8    4.8     4.8 
8    Ana    2.6    4.1    2.3     4.4 
1     María     3.4     2.4     4.6      3.3 
7   Alberto   4.6   3.8   4.8    3.18 
8    Ana    2.6    4.1    2.3     4.4 
1     María     3.4     2.4     4.6      3.3 
7   Alberto   4.6   3.8   4.8    3.18 
8    Ana    2.6    4.1    2.3     4.4 
1     María     3.4     2.4     4.6      3.3 
7   Alberto   4.6   3.8   4.8    3.18 
8    Ana    2.6    4.1    2.3     4.4 
1     María     3.4     2.4     4.6      3.3 
7   Alberto   4.6   3.8   4.8    3.18 
8    Ana    2.6    4.1    2.3     4.4 
7    Alberto    4.6    3.8    4.8     4.8 
9     Pedro     2.7     4.0     2.0      4.8 
7    Alberto    4.6    3.8    4.8     4.8 
9     Pedro     2.7     4.0     2.0      4.8 
7   Alberto   4.6   3.8   4.8    3.18 
7   Alberto   4.6   3.8   4.8    3.18 
4;Jua     3.6;2.6;3.4; 3.18 
1;María;   3.4;2.4;4.6; 3.82 
2;Diego ;  4.5;4.3;2.3; 3.12 
4;Juan;    3.6;2.6;3.4; 3.18 
5;Carlos;  2.5;3.4;3.6; 3.43 
7;Alberto; 4.6;3.8;4.8; 4.48 
1;María;   3.4;2.4;4.6; 3.82 
2;Diego ;  4.5;4.3;2.3; 3.12 
4;Juan;    3.6;2.6;3.4; 3.18 
5;Carlos;  2.5;3.4;3.6; 3.43 
7;Alberto; 4.6;3.8;4.8; 4.48 
1;María;   3.4;2.4;4.6; 3.82 
2;Diego ;  4.5;4.3;2.3; 3.12 
4;Juan;    3.6;2.6;3.4; 3.18 
5;Carlos;  2.5;3.4;3.6; 3.43 
7;Alberto; 4.6;3.8;4.8; 4.48 
1;María;   3.4;2.4;4.6; 3.82 
2;Diego ;  4.5;4.3;2.3; 3.12 
4;Juan;    3.6;2.6;3.4; 3.18 
5;Carlos;  2.5;3.4;3.6; 3.43 
7;Alberto; 4.6;3.8;4.8; 4.48 
1;María;   3.4;2.4;4.6; 3.82 
2;Diego ;  4.5;4.3;2.3; 3.12 
4;Juan;    3.6;2.6;3.4; 3.18 
5;Carlos;  2.5;3.4;3.6; 3.43 
7;Alberto; 4.6;3.8;4.8; 4.48 
1;María;   3.4;2.4;4.6;we 3.82 
2;Diego ;  4.5;4.3;2.3;we 3.12 
4;Juan;    3.6;2.6;3.4;we 3.18 
5;Carlos;  2.5;3.4;3.6;we 3.43 
7;Alberto; 4.6;3.8;4.8;we 4.48 
1;María;   3.4;2.4;4.6; 3.82 
2;Diego ;  4.5;4.3;2.3; 3.12 
4;Juan;    3.6;2.6;3.4; 3.18 
5;Carlos;  2.5;3.4;3.6; 3.43 
7;Alberto; 4.6;3.8;4.8; 4.48 
1;María;   3.4;2.4;4.6; 3.82 
2;Diego ;  4.5;4.3;2.3; 3.12 
4;Juan;    3.6;2.6;3.4; 3.18 
5;Carlos;  2.5;3.4;3.6; 3.43 
7;Alberto; 4.6;3.8;4.8; 4.48 
1;María;   3.4;2.4;4.6; 3.82 
2;Diego ;  4.5;4.3;2.3; 3.12 
4;Juan;    3.6;2.6;3.4; 3.18 
5;Carlos;  2.5;3.4;3.6; 3.43 
7;Alberto; 4.6;3.8;4.8; 4.48 
1;María;   3.4;2.4;4.6; 3.82 
2;Diego ;  4.5;4.3;2.3; 3.12 
4;Juan;    3.6;2.6;3.4; 3.18 
5;Carlos;  2.5;3.4;3.6; 3.43 
7;Alberto; 4.6;3.8;4.8; 4.48 
1;María;   3.4;2.4;4.6; 3.82 
2;Diego ;  4.5;4.3;2.3; 3.12 
4;Juan;    3.6;2.6;3.4; 3.18 
5;Carlos;  2.5;3.4;3.6; 3.43 
7;Alberto; 4.6;3.8;4.8; 4.48 
1;María;   3.4;2.4;4.6;3.82 3.82 
2;Diego ;  4.5;4.3;2.3;3.12 3.12 
4;Juan;    3.6;2.6;3.4;3.18 3.18 
5;Carlos;  2.5;3.4;3.6;3.43 3.43 
7;Alberto; 4.6;3.8;4.8;4.48 4.48 
1;María;   3.4;2.4;4.6; 3.82 
2;Diego ;  4.5;4.3;2.3; 3.12 
4;Juan;    3.6;2.6;3.4; 3.18 
5;Carlos;  2.5;3.4;3.6; 3.43 
7;Alberto; 4.6;3.8;4.8; 4.48 
1;María;   3.4;2.4;4.6;3.82 3.82 
2;Diego ;  4.5;4.3;2.3;3.12 3.12 
4;Juan;    3.6;2.6;3.4;3.18 3.18 
5;Carlos;  2.5;3.4;3.6;3.43 3.43 
7;Alberto; 4.6;3.8;4.8;4.48 4.48 
1;María;   3.4;2.4;4.6;3.823.82 3.82 
2;Diego ;  4.5;4.3;2.3;3.123.12 3.12 
4;Juan;    3.6;2.6;3.4;3.183.18 3.18 
5;Carlos;  2.5;3.4;3.6;3.433.43 3.43 
7;Alberto; 4.6;3.8;4.8;4.484.48 4.48 
1;María;   3.4;2.4;4.6;3.823.823.82 3.82 
2;Diego ;  4.5;4.3;2.3;3.123.123.12 3.12 
4;Juan;    3.6;2.6;3.4;3.183.183.18 3.18 
5;Carlos;  2.5;3.4;3.6;3.433.433.43 3.43 
7;Alberto; 4.6;3.8;4.8;4.484.484.48 4.48 
1;María;   3.4;2.4;4.6;3.823.823.823.82 3.82 
2;Diego ;  4.5;4.3;2.3;3.123.123.123.12 3.12 
4;Juan;    3.6;2.6;3.4;3.183.183.183.18 3.18 
5;Carlos;  2.5;3.4;3.6;3.433.433.433.43 3.43 
7;Alberto; 4.6;3.8;4.8;4.484.484.484.48 4.48 
1;María;   3.4;2.4;4.6; 3.82 
2;Diego ;  4.5;4.3;2.3; 3.12 
4;Juan;    3.6;2.6;3.4; 3.18 
5;Carlos;  2.5;3.4;3.6; 3.43 
7;Alberto; 4.6;3.8;4.8; 4.48 
1;María;   3.4;2.4;4.6; 3.82 
2;Diego ;  4.5;4.3;2.3; 3.12 
4;Juan;    3.6;2.6;3.4; 3.18 
5;Carlos;  2.5;3.4;3.6; 3.43 
7;Alberto; 4.6;3.8;4.8; 4.48 
1;María;   3.4;2.4;4.6; 3.82 
2;Diego ;  4.5;4.3;2.3; 3.12 
4;Juan;    3.6;2.6;3.4; 3.18 
5;Carlos;  2.5;3.4;3.6; 3.43 
7;Alberto; 4.6;3.8;4.8; 4.48 
  
