3;Sandra; 2.5;4.2;1.6; 2.47
6;Manuel; 4.6;4.2;1.3; 2.50
8;Ana;    2.6;4.1;2.3; 2.87
9;Pedro;  2.7;4.0;2.0; 2.67
10;Carlos;3.7;2.8;1.0; 1.81
3;Sandra; 2.5;4.2;1.6; 2.47
6;Manuel; 4.6;4.2;1.3; 2.50
8;Ana;    2.6;4.1;2.3; 2.87
9;Pedro;  2.7;4.0;2.0; 2.67
10;Carlos;3.7;2.8;1.0; 1.81
3;Sandra; 2.5;4.2;1.6; 2.47
6;Manuel; 4.6;4.2;1.3; 2.50
8;Ana;    2.6;4.1;2.3; 2.87
9;Pedro;  2.7;4.0;2.0; 2.67
10;Carlos;3.7;2.8;1.0; 1.81
3;Sandra; 2.5;4.2;1.6; 2.47
6;Manuel; 4.6;4.2;1.3; 2.50
8;Ana;    2.6;4.1;2.3; 2.87
9;Pedro;  2.7;4.0;2.0; 2.67
10;Carlos;3.7;2.8;1.0; 1.81
 
 
 
 
 
 
 
 
 
 
 
 
 
 
 
 
 
 
 
 
 
 
 
 
 
 
 
 
 
 
1;María;3,4;2,4;4,6; 
2;Diego ;4,5;4,3;2,3; 
3;Sandra;2,5;4,2;1,6; 
4;Juan;3,6;2,6;3,4; 
5;Carlos;2,5;3,4;3,6; 
6;Manuel;4,6;4,2;1,3; 
7;Alberto;4,6;3,8;4,8; 
8;Ana;2,6;4,1;2,3; 
9;Pedro;2,7;4,0;2,0; 
10;Carlos;3,7;2,8;1,0; 
1;María;3.4;2.4;4.6; 
2;Diego ;4.5;4.3;2.3; 
3;Sandra;2.5;4.2;1.6; 
4;Juan;3.6;2.6;3.4; 
5;Carlos;2.5;3.4;3.6; 
6;Manuel;4.6;4.2;1.3; 
8;Ana;2.6;4.1;2.3; 
9;Pedro;2.7;4.0;2.0; 
10;Carlos;3.7;2.8;1.0; 1.81
1;María;3.4;2.4;4.6; 
2;Diego ;4.5;4.3;2.3; 
3;Sandra;2.5;4.2;1.6; 
4;Juan;3.6;2.6;3.4; 
5;Carlos;2.5;3.4;3.6; 
6;Manuel;4.6;4.2;1.3; 
8;Ana;2.6;4.1;2.3; 
9;Pedro;2.7;4.0;2.0; 
10;Carlos;3.7;2.8;1.0; 1.81
1;María;3.4;2.4;4.6; 
2;Diego ;4.5;4.3;2.3; 
3;Sandra;2.5;4.2;1.6; 
4;Juan;3.6;2.6;3.4; 
5;Carlos;2.5;3.4;3.6; 
6;Manuel;4.6;4.2;1.3; 
8;Ana;2.6;4.1;2.3; 
9;Pedro;2.7;4.0;2.0; 
10;Carlos;3.7;2.8;1.0; 1.81
1;María;3.4;2.4;4.6; 
2;Diego ;4.5;4.3;2.3; 
3;Sandra;2.5;4.2;1.6; 
4;Juan;3.6;2.6;3.4; 
5;Carlos;2.5;3.4;3.6; 
6;Manuel;4.6;4.2;1.3; 
8;Ana;2.6;4.1;2.3; 
9;Pedro;2.7;4.0;2.0; 
10;Carlos;3.7;2.8;1.0; 1.81
1;María;3.4;2.4;4.6; 
2;Diego ;4.5;4.3;2.3; 
3;Sandra;2.5;4.2;1.6; 
4;Juan;3.6;2.6;3.4; 
5;Carlos;2.5;3.4;3.6; 
6;Manuel;4.6;4.2;1.3; 
8;Ana;2.6;4.1;2.3; 
9;Pedro;2.7;4.0;2.0; 
10;Carlos;3.7;2.8;1.0; 1.81
1;María;3.4;2.4;4.6; 
2;Diego ;4.5;4.3;2.3; 
3;Sandra;2.5;4.2;1.6; 
4;Juan;3.6;2.6;3.4; 
5;Carlos;2.5;3.4;3.6; 
6;Manuel;4.6;4.2;1.3; 
8;Ana;2.6;4.1;2.3; 
9;Pedro;2.7;4.0;2.0; 
10;Carlos;3.7;2.8;1.0; 1.81
1;María;3.4;2.4;4.6; 
2;Diego ;4.5;4.3;2.3; 
3;Sandra;2.5;4.2;1.6; 
4;Juan;3.6;2.6;3.4; 
5;Carlos;2.5;3.4;3.6; 
6;Manuel;4.6;4.2;1.3; 
8;Ana;2.6;4.1;2.3; 
9;Pedro;2.7;4.0;2.0; 
10;Carlos;3.7;2.8;1.0; 1.81
1;María;3.4;2.4;4.6; 
2;Diego ;4.5;4.3;2.3; 
3;Sandra;2.5;4.2;1.6; 
4;Juan;3.6;2.6;3.4; 
5;Carlos;2.5;3.4;3.6; 
6;Manuel;4.6;4.2;1.3; 
8;Ana;2.6;4.1;2.3; 
9;Pedro;2.7;4.0;2.0; 
10;Carlos;3.7;2.8;1.0; 1.81
1;María;3.4;2.4;4.6; 
2;Diego ;4.5;4.3;2.3; 
3;Sandra;2.5;4.2;1.6; 
4;Juan;3.6;2.6;3.4; 
5;Carlos;2.5;3.4;3.6; 
6;Manuel;4.6;4.2;1.3; 
8;Ana;2.6;4.1;2.3; 
9;Pedro;2.7;4.0;2.0; 
10;Carlos;3.7;2.8;1.0; 1.81
1;María;3.4;2.4;4.6; 
2;Diego ;4.5;4.3;2.3; 
3;Sandra;2.5;4.2;1.6; 
4;Juan;3.6;2.6;3.4; 
5;Carlos;2.5;3.4;3.6; 
6;Manuel;4.6;4.2;1.3; 
8;Ana;2.6;4.1;2.3; 
9;Pedro;2.7;4.0;2.0; 
10;Carlos;3.7;2.8;1.0; 1.81
1;María;3.4;2.4;4.6; 
2;Diego ;4.5;4.3;2.3; 
3;Sandra;2.5;4.2;1.6; 
4;Juan;3.6;2.6;3.4; 
5;Carlos;2.5;3.4;3.6; 
6;Manuel;4.6;4.2;1.3; 
8;Ana;2.6;4.1;2.3; 
9;Pedro;2.7;4.0;2.0; 
10;Carlos;3.7;2.8;1.0; 1.81
1;María;3.4;2.4;4.6; 
2;Diego ;4.5;4.3;2.3; 
3;Sandra;2.5;4.2;1.6; 
4;Juan;3.6;2.6;3.4; 
5;Carlos;2.5;3.4;3.6; 
6;Manuel;4.6;4.2;1.3; 
8;Ana;2.6;4.1;2.3; 
9;Pedro;2.7;4.0;2.0; 
10;Carlos;3.7;2.8;1.0; 1.81
1;María;3,4;2,4;4,6; 
2;Diego ;4,5;4,3;2,3; 
3;Sandra;2,5;4,2;1,6; 
4;Juan;3,6;2,6;3,4; 
5;Carlos;2,5;3,4;3,6; 
6;Manuel;4,6;4,2;1,3; 
7;Alberto;4,6;3,8;4,8; 
8;Ana;2,6;4,1;2,3; 
9;Pedro;2,7;4,0;2,0; 
10;Carlos;3,7;2,8;1,0; 
1;María;3,4;2,4;4,6; 
2;Diego ;4,5;4,3;2,3; 
3;Sandra;2,5;4,2;1,6; 
4;Juan;3,6;2,6;3,4; 
5;Carlos;2,5;3,4;3,6; 
6;Manuel;4,6;4,2;1,3; 
7;Alberto;4,6;3,8;4,8; 
8;Ana;2,6;4,1;2,3; 
9;Pedro;2,7;4,0;2,0; 
10;Carlos;3,7;2,8;1,0; 
1;María;3,4;2,4;4,6; 
2;Diego ;4,5;4,3;2,3; 
3;Sandra;2,5;4,2;1,6; 
4;Juan;3,6;2,6;3,4; 
5;Carlos;2,5;3,4;3,6; 
6;Manuel;4,6;4,2;1,3; 
7;Alberto;4,6;3,8;4,8; 
8;Ana;2,6;4,1;2,3; 
9;Pedro;2,7;4,0;2,0; 
10;Carlos;3,7;2,8;1,0; 
1;María;3,4;2,4;4,6; 
2;Diego ;4,5;4,3;2,3; 
3;Sandra;2,5;4,2;1,6; 
4;Juan;3,6;2,6;3,4; 
5;Carlos;2,5;3,4;3,6; 
6;Manuel;4,6;4,2;1,3; 
7;Alberto;4,6;3,8;4,8; 
8;Ana;2,6;4,1;2,3; 
9;Pedro;2,7;4,0;2,0; 
10;Carlos;3,7;2,8;1,0; 
1;María;3,4;2,4;4,6; 
2;Diego ;4,5;4,3;2,3; 
3;Sandra;2,5;4,2;1,6; 
4;Juan;3,6;2,6;3,4; 
5;Carlos;2,5;3,4;3,6; 
6;Manuel;4,6;4,2;1,3; 
7;Alberto;4,6;3,8;4,8; 
8;Ana;2,6;4,1;2,3; 
9;Pedro;2,7;4,0;2,0; 
10;Carlos;3,7;2,8;1,0; 
1;María;3.4;2.4;4.6; 
2;Diego ;4.5;4.3;2.3; 
3;Sandra;2.5;4.2;1.6; 
4;Juan;3.6;2.6;3.4; 
5;Carlos;2.5;3.4;3.6; 
6;Manuel;4.6;4.2;1.3; 
8;Ana;2.6;4.1;2.3; 
9;Pedro;2.7;4.0;2.0; 
10;Carlos;3.7;2.8;1.0; 1.81
1;María;3.4;2.4;4.6; 
2;Diego ;4.5;4.3;2.3; 
3;Sandra;2.5;4.2;1.6; 
4;Juan;3.6;2.6;3.4; 
5;Carlos;2.5;3.4;3.6; 
6;Manuel;4.6;4.2;1.3; 
8;Ana;2.6;4.1;2.3; 
9;Pedro;2.7;4.0;2.0; 
10;Carlos;3.7;2.8;1.0; 1.81
1;María;3.4;2.4;4.6; 
2;Diego ;4.5;4.3;2.3; 
3;Sandra;2.5;4.2;1.6; 
4;Juan;3.6;2.6;3.4; 
5;Carlos;2.5;3.4;3.6; 
6;Manuel;4.6;4.2;1.3; 
8;Ana;2.6;4.1;2.3; 
9;Pedro;2.7;4.0;2.0; 
10;Carlos;3.7;2.8;1.0; 1.81
1;María;3.4;2.4;4.6; 
2;Diego ;4.5;4.3;2.3; 
3;Sandra;2.5;4.2;1.6; 
4;Juan;3.6;2.6;3.4; 
5;Carlos;2.5;3.4;3.6; 
6;Manuel;4.6;4.2;1.3; 
8;Ana;2.6;4.1;2.3; 
9;Pedro;2.7;4.0;2.0; 
10;Carlos;3.7;2.8;1.0; 1.81
1;María;3,4;2,4;4,6; 
2;Diego ;4,5;4,3;2,3; 
3;Sandra;2,5;4,2;1,6; 
4;Juan;3,6;2,6;3,4; 
5;Carlos;2,5;3,4;3,6; 
6;Manuel;4,6;4,2;1,3; 
7;Alberto;4,6;3,8;4,8; 
8;Ana;2,6;4,1;2,3; 
9;Pedro;2,7;4,0;2,0; 
10;Carlos;3,7;2,8;1,0; 
1;María;3,4;2,4;4,6; 
2;Diego ;4,5;4,3;2,3; 
3;Sandra;2,5;4,2;1,6; 
4;Juan;3,6;2,6;3,4; 
5;Carlos;2,5;3,4;3,6; 
6;Manuel;4,6;4,2;1,3; 
7;Alberto;4,6;3,8;4,8; 
8;Ana;2,6;4,1;2,3; 
9;Pedro;2,7;4,0;2,0; 
10;Carlos;3,7;2,8;1,0; 
1;María;3.4;2.4;4.6; 
2;Diego ;4.5;4.3;2.3; 
3;Sandra;2.5;4.2;1.6; 
4;Juan;3.6;2.6;3.4; 
5;Carlos;2.5;3.4;3.6; 
6;Manuel;4.6;4.2;1.3; 
8;Ana;2.6;4.1;2.3; 
9;Pedro;2.7;4.0;2.0; 
10;Carlos;3.7;2.8;1.0; 1.81
1;MAríA;3.4;2.4;4.6; 
2;Diego ;4.5;4.3;2.3; 
3;SAndrA;2.5;4.2;1.6; 
4;JuAn;3.6;2.6;3.4; 
5;CArlos;2.5;3.4;3.6; 
6;MAnuel;4.6;4.2;1.3; 
8;AnA;2.6;4.1;2.3; 
9;Pedro;2.7;4.0;2.0; 
10;CArlos;3.7;2.8;1.0; 1.81
1;MAríA;3.4;2.4;4.6; 
2;Diego ;4.5;4.3;2.3; 
3;SAndrA;2.5;4.2;1.6; 
4;JuAn;3.6;2.6;3.4; 
5;CArlos;2.5;3.4;3.6; 
6;MAnuel;4.6;4.2;1.3; 
8;AnA;2.6;4.1;2.3; 
9;Pedro;2.7;4.0;2.0; 
10;CArlos;3.7;2.8;1.0; 1.81
1;MAría;3.4;2.4;4.6; 
2;Diego ;4.5;4.3;2.3; 
3;SAndra;2.5;4.2;1.6; 
4;JuAn;3.6;2.6;3.4; 
5;CArlos;2.5;3.4;3.6; 
6;MAnuel;4.6;4.2;1.3; 
8;AnA;2.6;4.1;2.3; 
9;Pedro;2.7;4.0;2.0; 
10;CArlos;3.7;2.8;1.0; 1.81
1;MAríA;3.4;2.4;4.6; 
2;Diego ;4.5;4.3;2.3; 
3;SAndrA;2.5;4.2;1.6; 
4;JuAn;3.6;2.6;3.4; 
5;CArlos;2.5;3.4;3.6; 
6;MAnuel;4.6;4.2;1.3; 
8;AnA;2.6;4.1;2.3; 
9;Pedro;2.7;4.0;2.0; 
10;CArlos;3.7;2.8;1.0; 1.81
1;María;3.4;2.4;4.6; 
2;Diego ;4.5;4.3;2.3; 
3;Sandra;2.5;4.2;1.6; 
4;Juan;3.6;2.6;3.4; 
5;Carlos;2.5;3.4;3.6; 
6;Manuel;4.6;4.2;1.3; 
8;Ana;2.6;4.1;2.3; 
9;Pedro;2.7;4.0;2.0; 
10;Carlos;3.7;2.8;1.0; 1.81
1;MAríA;3.4;2.4;4.6; 
2;Diego ;4.5;4.3;2.3; 
3;SAndrA;2.5;4.2;1.6; 
4;JuAn;3.6;2.6;3.4; 
5;CArlos;2.5;3.4;3.6; 
6;MAnuel;4.6;4.2;1.3; 
8;AnA;2.6;4.1;2.3; 
9;Pedro;2.7;4.0;2.0; 
10;CArlos;3.7;2.8;1.0; 1.81
1;MAríA;3.4;2.4;4.6; 
2;Diego ;4.5;4.3;2.3; 
3;SAndrA;2.5;4.2;1.6; 
4;JuAn;3.6;2.6;3.4; 
5;CArlos;2.5;3.4;3.6; 
6;MAnuel;4.6;4.2;1.3; 
8;AnA;2.6;4.1;2.3; 
9;Pedro;2.7;4.0;2.0; 
10;CArlos;3.7;2.8;1.0; 1.81
 
Código;Nombre;NotA1;NotA2;NotA3;DefinitivA 
1;MAríA;3.4;2.4;4.6; 
2;Diego ;4.5;4.3;2.3; 
3;SAndrA;2.5;4.2;1.6; 
4;JuAn;3.6;2.6;3.4; 
5;CArlos;2.5;3.4;3.6; 
6;MAnuel;4.6;4.2;1.3; 
8;AnA;2.6;4.1;2.3; 
1;MAríA;3.4;2.4;4.6; 
2;Diego ;4.5;4.3;2.3; 
3;SAndrA;2.5;4.2;1.6; 
4;JuAn;3.6;2.6;3.4; 
5;CArlos;2.5;3.4;3.6; 
6;MAnuel;4.6;4.2;1.3; 
8;AnA;2.6;4.1;2.3; 
9;Pedro;2.7;4.0;2.0; 
10;CArlos;3.7;2.8;1.0; 1.81
 
1;MAríA;3.4;2.4;4.6; 
2;Diego ;4.5;4.3;2.3; 
3;SAndrA;2.5;4.2;1.6; 
4;JuAn;3.6;2.6;3.4; 
5;CArlos;2.5;3.4;3.6; 
6;MAnuel;4.6;4.2;1.3; 
8;AnA;2.6;4.1;2.3; 
9;Pedro;2.7;4.0;2.0; 
10;CArlos;3.7;2.8;1.0; 1.81
 
1;MAríA;3.4;2.4;4.6; 
 2;;;;; 
Código;Nombre;NotA1;NotA2;NotA3;DefinitivA 
 4;;;;; 
 4;;;;; 
 6;;;;; 
 4;;;;; 
 8;;;;; 
 8;;;;; 
 10;;;;; 
 2;;;;;3.82 
Código;Nombre;Nota1;Nota2;Nota3;Definitiva 
 4;;;;; 
 4;;;;; 
 6;;;;; 
 4;;;;; 
 8;;;;; 
 8;;;;; 
 10;;;;; 
 10;;;;; 
 11;;;;; 
 9;;;;; 
 11;;;;; 
 10;;;;; 
 11;;;;; 
 8;;;;; 
 11;;;;; 
 10;;;;; 
 11;;;;; 
3;Sandra; 2.5;4.2;1.6; 2.47
6;Manuel; 4.6;4.2;1.3; 2.50
8;Ana;    2.6;4.1;2.3; 2.87
9;Pedro;  2.7;4.0;2.0; 2.67
10;Carlos;3.7;2.8;1.0; 1.81
3;Sandra; 2.5;4.2;1.6; 2.47
6;Manuel; 4.6;4.2;1.3; 2.50
8;Ana;    2.6;4.1;2.3; 2.87
9;Pedro;  2.7;4.0;2.0; 2.67
10;Carlos;3.7;2.8;1.0; 1.81
3;Sandra; 2.5;4.2;1.6; 2.47
6;Manuel; 4.6;4.2;1.3; 2.50
8;Ana;    2.6;4.1;2.3; 2.87
9;Pedro;  2.7;4.0;2.0; 2.67
10;Carlos;3.7;2.8;1.0; 1.81
3;Sandra; 2.5;4.2;1.6; 2.47
6;Manuel; 4.6;4.2;1.3; 2.50
8;Ana;    2.6;4.1;2.3; 2.87
9;Pedro;  2.7;4.0;2.0; 2.67
10;Carlos;3.7;2.8;1.0; 1.81
1;María;3.4;2.4;4.6; 
2;Diego ;4.5;4.3;2.3; 
3;Sandra;2.5;4.2;1.6; 
4;Juan;3.6;2.6;3.4; 
5;Carlos;2.5;3.4;3.6; 
6;Manuel;4.6;4.2;1.3; 
8;Ana;2.6;4.1;2.3; 
9;Pedro;2.7;4.0;2.0; 
10;Carlos;3.7;2.8;1.0; 1.81
1;María;3.4;2.4;4.6; 
2;Diego ;4.5;4.3;2.3; 
3;Sandra;2.5;4.2;1.6; 
4;Juan;3.6;2.6;3.4; 
5;Carlos;2.5;3.4;3.6; 
6;Manuel;4.6;4.2;1.3; 
8;Ana;2.6;4.1;2.3; 
9;Pedro;2.7;4.0;2.0; 
10;Carlos;3.7;2.8;1.0; 1.81
1;María;3.4;2.4;4.6; 
2;Diego ;4.5;4.3;2.3; 
3;Sandra;2.5;4.2;1.6; 
4;Juan;3.6;2.6;3.4; 
5;Carlos;2.5;3.4;3.6; 
6;Manuel;4.6;4.2;1.3; 
8;Ana;2.6;4.1;2.3; 
9;Pedro;2.7;4.0;2.0; 
10;Carlos;3.7;2.8;1.0; 1.81
1;María;3.4;2.4;4.6; 
2;Diego ;4.5;4.3;2.3; 
3;Sandra;2.5;4.2;1.6; 
4;Juan;3.6;2.6;3.4; 
5;Carlos;2.5;3.4;3.6; 
6;Manuel;4.6;4.2;1.3; 
8;Ana;2.6;4.1;2.3; 
9;Pedro;2.7;4.0;2.0; 
10;Carlos;3.7;2.8;1.0; 1.81
1;María;3.4;2.4;4.6; 
2;Diego ;4.5;4.3;2.3; 
3;Sandra;2.5;4.2;1.6; 
4;Juan;3.6;2.6;3.4; 
5;Carlos;2.5;3.4;3.6; 
6;Manuel;4.6;4.2;1.3; 
8;Ana;2.6;4.1;2.3; 
9;Pedro;2.7;4.0;2.0; 
10;Carlos;3.7;2.8;1.0; 1.81
1;María;3.4;2.4;4.6; 
2;Diego ;4.5;4.3;2.3; 
3;Sandra;2.5;4.2;1.6; 
4;Juan;3.6;2.6;3.4; 
5;Carlos;2.5;3.4;3.6; 
6;Manuel;4.6;4.2;1.3; 
8;Ana;2.6;4.1;2.3; 
9;Pedro;2.7;4.0;2.0; 
10;Carlos;3.7;2.8;1.0; 1.81
1    María    3.4    2.4    4.6     
2    Diego     4.5    4.3    2.3     
3    Sandra    2.5    4.2    1.6     
4    Juan    3.6    2.6    3.4     
5    Carlos    2.5    3.4    3.6     
6    Manuel    4.6    4.2    1.3     
9    Pedro    2.7    4.0    2.0     
1;María;3.4;2.4;4.6; 
2;Diego ;4.5;4.3;2.3; 
3;Sandra;2.5;4.2;1.6; 
4;Juan;3.6;2.6;3.4; 
5;Carlos;2.5;3.4;3.6; 
6;Manuel;4.6;4.2;1.3; 
8;Ana;2.6;4.1;2.3; 
9;Pedro;2.7;4.0;2.0; 
10;Carlos;3.7;2.8;1.0; 1.81
1;María;3.4;2.4;4.6; 
2;Diego ;4.5;4.3;2.3; 
3;Sandra;2.5;4.2;1.6; 
4;Juan;3.6;2.6;3.4; 
5;Carlos;2.5;3.4;3.6; 
6;Manuel;4.6;4.2;1.3; 
8;Ana;2.6;4.1;2.3; 
9;Pedro;2.7;4.0;2.0; 
10;Carlos;3.7;2.8;1.0; 1.81
1;María;3.4;2.4;4.6; 
2;Diego ;4.5;4.3;2.3; 
3;Sandra;2.5;4.2;1.6; 
4;Juan;3.6;2.6;3.4; 
5;Carlos;2.5;3.4;3.6; 
6;Manuel;4.6;4.2;1.3; 
8;Ana;2.6;4.1;2.3; 
9;Pedro;2.7;4.0;2.0; 
10;Carlos;3.7;2.8;1.0; 1.81
1    María;3.4;2.4;4.6; 
2    Diego ;4.5;4.3;2.3; 
3    Sandra;2.5;4.2;1.6; 
5    Carlos;2.5;3.4;3.6; 
6    Manuel;4.6;4.2;1.3; 
7    Alberto;4.6;3.8;4.8; 
8    Ana;2.6;4.1;2.3; 
9    Pedro;2.7;4.0;2.0; 
10    Carlos;3.7;2.8;1.0; 
1    María;3.4;2.4;4.6; 
2    Diego ;4.5;4.3;2.3; 
3    Sandra;2.5;4.2;1.6; 
5    Carlos;2.5;3.4;3.6; 
6    Manuel;4.6;4.2;1.3; 
7    Alberto;4.6;3.8;4.8; 
8    Ana;2.6;4.1;2.3; 
9    Pedro;2.7;4.0;2.0; 
10    Carlos;3.7;2.8;1.0; 
1;María;3.4;2.4;4.6; 
2;Diego ;4.5;4.3;2.3; 
3;Sandra;2.5;4.2;1.6; 
4;Juan;3.6;2.6;3.4; 
5;Carlos;2.5;3.4;3.6; 
6;Manuel;4.6;4.2;1.3; 
8;Ana;2.6;4.1;2.3; 
9;Pedro;2.7;4.0;2.0; 
10;Carlos;3.7;2.8;1.0; 1.81
1;María;3.4;2.4;4.6; 
2;Diego ;4.5;4.3;2.3; 
3;Sandra;2.5;4.2;1.6; 
4;Juan;3.6;2.6;3.4; 
5;Carlos;2.5;3.4;3.6; 
6;Manuel;4.6;4.2;1.3; 
8;Ana;2.6;4.1;2.3; 
9;Pedro;2.7;4.0;2.0; 
10;Carlos;3.7;2.8;1.0; 1.81
1    María;3.4;2.4;4.6; 
2    Diego ;4.5;4.3;2.3; 
3    Sandra;2.5;4.2;1.6; 
5    Carlos;2.5;3.4;3.6; 
6    Manuel;4.6;4.2;1.3; 
7    Alberto;4.6;3.8;4.8; 
8    Ana;2.6;4.1;2.3; 
9    Pedro;2.7;4.0;2.0; 
10    Carlos;3.7;2.8;1.0; 
1    María;3.4;2.4;4.6; 
2    Diego ;4.5;4.3;2.3; 
3    Sandra;2.5;4.2;1.6; 
5    Carlos;2.5;3.4;3.6; 
6    Manuel;4.6;4.2;1.3; 
7    Alberto;4.6;3.8;4.8; 
8    Ana;2.6;4.1;2.3; 
9    Pedro;2.7;4.0;2.0; 
10    Carlos;3.7;2.8;1.0; 
1    María;3.4;2.4;4.6; 
2    Diego     4.5    4.3    2.3     
3    Sandra;2.5;4.2;1.6; 
5    Carlos;2.5;3.4;3.6; 
6    Manuel;4.6;4.2;1.3; 
7    Alberto;4.6;3.8;4.8; 
8    Ana;2.6;4.1;2.3; 
9    Pedro;2.7;4.0;2.0; 
10    Carlos;3.7;2.8;1.0; 
1;María;3.4;2.4;4.6; 
2    Diego     4.5    4.3    2.3     
3    Sandra    2.5    4.2    1.6     
4;Juan;3.6;2.6;3.4; 
5;Carlos;2.5;3.4;3.6; 
6;Manuel;4.6;4.2;1.3; 
8;Ana;2.6;4.1;2.3; 
9;Pedro;2.7;4.0;2.0; 
10;Carlos;3.7;2.8;1.0; 1.81
1    María    3.4    2.4    4.6     
2    Diego     4.5    4.3    2.3     
3    Sandra    2.5    4.2    1.6     
4    Juan    3.6    2.6    3.4     
5    Carlos    2.5    3.4    3.6     
6    Manuel    4.6    4.2    1.3     
9;Pedro;2.7;4.0;2.0; 
10;Carlos;3.7;2.8;1.0; 1.81
2    Diego     4.5    4.3    2.3     
3    Sandra    2.5    4.2    1.6     
4     Juan     3.6     2.6     3.4      
5    Carlos    2.5    3.4    3.6     
6    Manuel    4.6    4.2    1.3     
9;Pedro;2.7;4.0;2.0; 
10;Carlos;3.7;2.8;1.0; 1.81
2    Diego     4.5    4.3    2.3     
3    Sandra    2.5    4.2    1.6     
4     Juan     3.6     2.6     3.4      
5    Carlos    2.5    3.4    3.6     
6    Manuel    4.6    4.2    1.3     
9;Pedro;2.7;4.0;2.0; 
10;Carlos;3.7;2.8;1.0; 1.81
2    Diego     4.5    4.3    2.3     
3    Sandra    2.5    4.2    1.6     
4     Juan     3.6     2.6     3.4      
5    Carlos    2.5    3.4    3.6     
6    Manuel    4.6    4.2    1.3     
9       Pedro       2.7       4.0       2.0        
10;Carlos;3.7;2.8;1.0; 1.81
2    Diego     4.5    4.3    2.3     
3    Sandra    2.5    4.2    1.6     
4     Juan     3.6     2.6     3.4      
5    Carlos    2.5    3.4    3.6     
6    Manuel    4.6    4.2    1.3     
9       Pedro       2.7       4.0       2.0        
10;Carlos;3.7;2.8;1.0; 1.81
1    María    3.4    2.4    4.6     
2    Diego     4.5    4.3    2.3     
3    Sandra    2.5    4.2    1.6     
4     Juan     3.6     2.6     3.4      
5    Carlos    2.5    3.4    3.6     
6    Manuel    4.6    4.2    1.3     
8      Ana      2.6      4.1      2.3       
10;Carlos;3.7;2.8;1.0; 1.81
1    María    3.4    2.4    4.6     
2    Diego     4.5    4.3    2.3     
3    Sandra    2.5    4.2    1.6     
4     Juan     3.6     2.6     3.4      
5    Carlos    2.5    3.4    3.6     
6    Manuel    4.6    4.2    1.3     
8      Ana      2.6      4.1      2.3       
10     Carlos     3.7     2.8     1.0      
1;María;3.4;2.4;4.6; 
2    Diego     4.5    4.3    2.3     
3    Sandra    2.5    4.2    1.6     
4     Juan     3.6     2.6     3.4      
5    Carlos    2.5    3.4    3.6     
6    Manuel    4.6    4.2    1.3     
8     Ana     2.6     4.1     2.3      
9    Pedro    2.7    4.0    2.0     
10     Carlos     3.7     2.8     1.0         
1     María;3.4;2.4;4.6; 
2    Diego     4.5    4.3    2.3     
3    Sandra    2.5    4.2    1.6     
4     Juan     3.6     2.6     3.4      
5    Carlos    2.5    3.4    3.6     
6    Manuel    4.6    4.2    1.3     
8     Ana     2.6     4.1     2.3      
9    Pedro    2.7    4.0    2.0     
10     Carlos     3.7     2.8     1.0         
1     María;3.4;2.4;4.6; 
2     Diego     4.5;4.3;2.3; 
3     Sandra    2.5;4.2;1.6; 
4     Juan     3.6;2.6;3.4; 
5     Carlos    2.5;3.4;3.6; 
6     Manuel    4.6;4.2;1.3; 
7     Alberto   4.6;3.8;4.8; 
8     Ana     2.6;4.1;2.3; 
9     Pedro    2.7;4.0;2.0; 
10     Carlos     3.7;2.8;1.0;    
1     María;3.4;2.4;4.6; 
2     Diego     4.5;4.3;2.3; 
3     Sandra    2.5;4.2;1.6; 
4     Juan     3.6;2.6;3.4; 
5     Carlos    2.5;3.4;3.6; 
6     Manuel    4.6;4.2;1.3; 
7     Alberto   4.6;3.8;4.8; 
8     Ana     2.6;4.1;2.3; 
9     Pedro    2.7;4.0;2.0; 
10     Carlos     3.7;2.8;1.0; 
1     María;3.4;2.4;4.6; 
2     Diego     4.5;4.3;2.3; 
3     Sandra    2.5;4.2;1.6; 
4     Juan     3.6;2.6;3.4; 
5     Carlos    2.5;3.4;3.6; 
6     Manuel    4.6;4.2;1.3; 
7     Alberto   4.6;3.8;4.8; 
8     Ana     2.6;4.1;2.3; 
9     Pedro    2.7;4.0;2.0; 
10     Carlos     3.7;2.8;1.0; 
1     María;3.4;2.4;4.6; 
2     Diego     4.5;4.3;2.3; 
3     Sandra    2.5;4.2;1.6; 
4     Juan     3.6;2.6;3.4; 
5     Carlos    2.5;3.4;3.6; 
6     Manuel    4.6;4.2;1.3; 
7     Alberto   4.6;3.8;4.8; 
8     Ana     2.6;4.1;2.3; 
9     Pedro    2.7;4.0;2.0; 
10     Carlos     3.7;2.8;1.0; 
1;María;3.4;2.4;4.6; 
2    Diego ;4.5;4.3;2.3; 
3    Sandra;2.5;4.2;1.6; 
4     Juan;3.6;2.6;3.4; 
5    Carlos;2.5;3.4;3.6; 
6    Manuel;4.6;4.2;1.3; 
7   Alberto;4.6;3.8;4.8; 
8     Ana;2.6;4.1;2.3; 2.87
9    Pedro;2.7;4.0;2.0; 
10     Carlos;3.7;2.8;1.0; 2.79
1;María;3.4;2.4;4.6; 
2    Diego ;4.5;4.3;2.3; 
3    Sandra;2.5;4.2;1.6; 
4     Juan;3.6;2.6;3.4; 
5    Carlos;2.5;3.4;3.6; 
6    Manuel;4.6;4.2;1.3; 
7   Alberto;4.6;3.8;4.8; 
8     Ana;2.6;4.1;2.3; 2.87
9    Pedro;2.7;4.0;2.0; 
10     Carlos;3.7;2.8;1.0; 2.79
1;Marí     3.4;2.4;4.6; 
2    Diego ;4.5;4.3;2.3; 
3    Sandra;2.5;4.2;1.6; 
4     Juan;3.6;2.6;3.4; 
5    Carlos;2.5;3.4;3.6; 
6    Manuel;4.6;4.2;1.3; 
7   Alberto;4.6;3.8;4.8; 
8     Ana;2.6;4.1;2.3; 2.87
9    Pedro;2.7;4.0;2.0; 
10     Carlos;3.7;2.8;1.0; 2.79
1;Marí     3.4;2.4;4.6; 
2;Diego    4.5;4.3;2.3; 
3;Sandr    2.5;4.2;1.6; 
5;Carlo    2.5;3.4;3.6; 
6;Manue    4.6;4.2;1.3; 
7;Albert   4.6;3.8;4.8; 
8;An     2.6;4.1;2.3; 
9;Pedr    2.7;4.0;2.0; 2.67
10;Carlo     3.7;2.8;1.0; 
1;Marí     3.4;2.4;4.6; 
2;Diego    4.5;4.3;2.3; 
3;Sandr    2.5;4.2;1.6; 
4;Jua      3.6;2.6;3.4; 
5;Carlo    2.5;3.4;3.6; 
6;Manue    4.6;4.2;1.3; 
7;Albert   4.6;3.8;4.8; 
8;An       2.6;4.1;2.3; 
9;Pedr    2.7;4.0;2.0; 2.67
10;Carlo   3.7;2.8;1.0; 
1;Marí     3.4;2.4;4.6; 
2;Diego    4.5;4.3;2.3; 
3;Sandr    2.5;4.2;1.6; 
4;Jua      3.6;2.6;3.4; 
5;Carlo    2.5;3.4;3.6; 
6;Manue    4.6;4.2;1.3; 
7;Albert   4.6;3.8;4.8; 
8;An       2.6;4.1;2.3; 
9;Pedr     2.7;4.0;2.0; 
10;Carlo   3.7;2.8;1.0; 
1;María;   3.4;2.4;4.6; 
2;Diego ;  4.5;4.3;2.3; 
3;Sandra;  2.5;4.2;1.6; 
4;Juan;    3.6;2.6;3.4; 
5;Carlos;  2.5;3.4;3.6; 
6;Manuel;  4.6;4.2;1.3; 
7;Alberto; 4.6;3.8;4.8; 
8;Ana;     2.6;4.1;2.3; 
9;Pedro;   2.7;4.0;2.0; 
10;Carlos; 3.7;2.8;1.0; 
1;María;      3.4;2.4;4.6; 
2;Diego ;    4.5;4.3;2.3; 
3;Sandra;    2.5;4.2;1.6; 
4;Juan;        3.6;2.6;3.4; 
5;Carlos;    2.5;3.4;3.6; 
6;Manuel;    4.6;4.2;1.3; 
7;Alberto;  4.6;3.8;4.8; 
8;Ana;          2.6;4.1;2.3; 
9;Pedro;      2.7;4.0;2.0; 
10;Carlos;  3.7;2.8;1.0; 
1;María;   3.4;2.4;4.6; 
2;Diego ;  4.5;4.3;2.3; 
3;Sandra;  2.5;4.2;1.6; 
4;Juan;    3.6;2.6;3.4; 
5;Carlos;  2.5;3.4;3.6; 
6;Manuel;  4.6;4.2;1.3; 
7;Alberto; 4.6;3.8;4.8; 
8;Ana;     2.6;4.1;2.3; 
9;Pedro;   2.7;4.0;2.0; 
10;Carlos; 3.7;2.8;1.0; 
3;Sandra;  2.5;4.2;1.6; 2.47
6;Manuel;  4.6;4.2;1.3; 2.50
8;Ana;     2.6;4.1;2.3; 2.87
9;Pedro;   2.7;4.0;2.0; 2.67
10;Carlos; 3.7;2.8;1.0; 1.81
1;María;      3.4;2.4;4.6; 
2;Diego ;    4.5;4.3;2.3; 
3;Sandra;    2.5;4.2;1.6; 
4;Juan;        3.6;2.6;3.4; 
5;Carlos;    2.5;3.4;3.6; 
6;Manuel;    4.6;4.2;1.3; 
7;Alberto;  4.6;3.8;4.8; 
8;Ana;          2.6;4.1;2.3; 
9;Pedro;      2.7;4.0;2.0; 
10;Carlos;  3.7;2.8;1.0; 
3;Sandra;  2.5;4.2;1.6; 2.47
6;Manuel;  4.6;4.2;1.3; 2.50
8;Ana;     2.6;4.1;2.3; 2.87
9;Pedro;   2.7;4.0;2.0; 2.67
10;Carlos; 3.7;2.8;1.0; 1.81
3;Sandra;  2.5;4.2;1.6; 2.47
6;Manuel;  4.6;4.2;1.3; 2.50
8;Ana;     2.6;4.1;2.3; 2.87
9;Pedro;   2.7;4.0;2.0; 2.67
10;Carlos; 3.7;2.8;1.0; 1.81
1;María;      3.4;2.4;4.6; 
2;Diego ;    4.5;4.3;2.3; 
3;Sandra;    2.5;4.2;1.6; 
4;Juan;        3.6;2.6;3.4; 
5;Carlos;    2.5;3.4;3.6; 
6;Manuel;    4.6;4.2;1.3; 
7;Alberto;  4.6;3.8;4.8; 
8;Ana;          2.6;4.1;2.3; 
9;Pedro;      2.7;4.0;2.0; 
10;Carlos;  3.7;2.8;1.0; 
3;Sandra;  2.5;4.2;1.6; 2.47
6;Manuel;  4.6;4.2;1.3; 2.50
8;Ana;     2.6;4.1;2.3; 2.87
9;Pedro;   2.7;4.0;2.0; 2.67
10;Carlos; 3.7;2.8;1.0; 1.81
1;María;      3.4;2.4;4.6; 
2;Diego ;    4.5;4.3;2.3; 
3;Sandra;    2.5;4.2;1.6; 
4;Juan;        3.6;2.6;3.4; 
5;Carlos;    2.5;3.4;3.6; 
6;Manuel;    4.6;4.2;1.3; 
7;Alberto;  4.6;3.8;4.8; 
8;Ana;          2.6;4.1;2.3; 
9;Pedro;      2.7;4.0;2.0; 
10;Carlos;  3.7;2.8;1.0; 
3;Sandra;  2.5;4.2;1.6; 2.47
6;Manuel;  4.6;4.2;1.3; 2.50
8;Ana;     2.6;4.1;2.3; 2.87
9;Pedro;   2.7;4.0;2.0; 2.67
10;Carlos; 3.7;2.8;1.0; 1.81
3;Sandra;  2.5;4.2;1.6;we 2.47
6;Manuel;  4.6;4.2;1.3;we 2.50
8;Ana;     2.6;4.1;2.3;we 2.87
9;Pedro;   2.7;4.0;2.0;we 2.67
10;Carlos; 3.7;2.8;1.0;we 1.81
1;María;      3.4;2.4;4.6;wewe 
2;Diego ;    4.5;4.3;2.3;wewe 
3;Sandra;    2.5;4.2;1.6;wewe 
4;Juan;        3.6;2.6;3.4;wewe 
5;Carlos;    2.5;3.4;3.6;wewe 
6;Manuel;    4.6;4.2;1.3;wewe 
7;Alberto;  4.6;3.8;4.8;wewe 
8;Ana;          2.6;4.1;2.3;wewe 
9;Pedro;      2.7;4.0;2.0;wewe 
10;Carlos;  3.7;2.8;1.0;wewe 
3;Sandra;  2.5;4.2;1.6; 2.47
6;Manuel;  4.6;4.2;1.3; 2.50
8;Ana;     2.6;4.1;2.3; 2.87
9;Pedro;   2.7;4.0;2.0; 2.67
10;Carlos; 3.7;2.8;1.0; 1.81
3;Sandra;  2.5;4.2;1.6; 2.47
6;Manuel;  4.6;4.2;1.3; 2.50
8;Ana;     2.6;4.1;2.3; 2.87
9;Pedro;   2.7;4.0;2.0; 2.67
s/$/we/g 
3;Sandra;  2.5;4.2;1.6; 2.47
6;Manuel;  4.6;4.2;1.3; 2.50
8;Ana;     2.6;4.1;2.3; 2.87
9;Pedro;   2.7;4.0;2.0; 2.67
10;Carlos; 3.7;2.8;1.0; 1.81
3;Sandra;  2.5;4.2;1.6; 2.47
6;Manuel;  4.6;4.2;1.3; 2.50
8;Ana;     2.6;4.1;2.3; 2.87
9;Pedro;   2.7;4.0;2.0; 2.67
10;Carlos; 3.7;2.8;1.0; 1.81
3;Sandra;  2.5;4.2;1.6; 2.47
6;Manuel;  4.6;4.2;1.3; 2.50
8;Ana;     2.6;4.1;2.3; 2.87
9;Pedro;   2.7;4.0;2.0; 2.67
10;Carlos; 3.7;2.8;1.0; 1.81
1;María;      3.4;2.4;4.6;3.82 
2;Diego ;    4.5;4.3;2.3;3.12 
3;Sandra;    2.5;4.2;1.6;2.47 
4;Juan;        3.6;2.6;3.4;3.18 
5;Carlos;    2.5;3.4;3.6;3.43 
6;Manuel;    4.6;4.2;1.3;2.50 
7;Alberto;  4.6;3.8;4.8;4.48 
8;Ana;          2.6;4.1;2.3;2.87 
9;Pedro;      2.7;4.0;2.0;2.67 
10;Carlos;  3.7;2.8;1.0;1.81 
1;María;         3.4;2.4;4.6;3.82 
2;Diego ;      4.5;4.3;2.3;3.12 
3;Sandra;      2.5;4.2;1.6;2.47 
4;Juan;            3.6;2.6;3.4;3.18 
5;Carlos;      2.5;3.4;3.6;3.43 
6;Manuel;      4.6;4.2;1.3;2.50 
7;Alberto;   4.6;3.8;4.8;4.48 
8;Ana;               2.6;4.1;2.3;2.87 
9;Pedro;         2.7;4.0;2.0;2.67 
10;Carlos;   3.7;2.8;1.0;1.81 
1;María;            3.4;2.4;4.6;3.82 
2;Diego ;        4.5;4.3;2.3;3.12 
3;Sandra;        2.5;4.2;1.6;2.47 
4;Juan;                3.6;2.6;3.4;3.18 
5;Carlos;        2.5;3.4;3.6;3.43 
6;Manuel;        4.6;4.2;1.3;2.50 
7;Alberto;    4.6;3.8;4.8;4.48 
8;Ana;                    2.6;4.1;2.3;2.87 
9;Pedro;            2.7;4.0;2.0;2.67 
10;Carlos;    3.7;2.8;1.0;1.81 
1;María;               3.4;2.4;4.6;3.82 
2;Diego ;          4.5;4.3;2.3;3.12 
3;Sandra;          2.5;4.2;1.6;2.47 
4;Juan;                    3.6;2.6;3.4;3.18 
5;Carlos;          2.5;3.4;3.6;3.43 
6;Manuel;          4.6;4.2;1.3;2.50 
7;Alberto;     4.6;3.8;4.8;4.48 
8;Ana;                         2.6;4.1;2.3;2.87 
9;Pedro;               2.7;4.0;2.0;2.67 
10;Carlos;     3.7;2.8;1.0;1.81 
1;María;                  3.4;2.4;4.6;3.82 
2;Diego ;            4.5;4.3;2.3;3.12 
3;Sandra;            2.5;4.2;1.6;2.47 
4;Juan;                        3.6;2.6;3.4;3.18 
5;Carlos;            2.5;3.4;3.6;3.43 
6;Manuel;            4.6;4.2;1.3;2.50 
7;Alberto;      4.6;3.8;4.8;4.48 
8;Ana;                              2.6;4.1;2.3;2.87 
9;Pedro;                  2.7;4.0;2.0;2.67 
10;Carlos;      3.7;2.8;1.0;1.81 
3;Sandra;  2.5;4.2;1.6;2.47 2.47
6;Manuel;  4.6;4.2;1.3;2.50 2.50
8;Ana;     2.6;4.1;2.3;2.87 2.87
9;Pedro;   2.7;4.0;2.0;2.67 2.67
10;Carlos; 3.7;2.8;1.0;1.81 1.81
3;Sandra;  2.5;4.2;1.6; 2.47
6;Manuel;  4.6;4.2;1.3; 2.50
8;Ana;     2.6;4.1;2.3; 2.87
9;Pedro;   2.7;4.0;2.0; 2.67
10;Carlos; 3.7;2.8;1.0; 1.81
3;Sandra;  2.5;4.2;1.6;2.47 2.47
6;Manuel;  4.6;4.2;1.3;2.50 2.50
8;Ana;     2.6;4.1;2.3;2.87 2.87
9;Pedro;   2.7;4.0;2.0;2.67 2.67
10;Carlos; 3.7;2.8;1.0;1.81 1.81
3;Sandra;  2.5;4.2;1.6;2.472.47 2.47
6;Manuel;  4.6;4.2;1.3;2.502.50 2.50
8;Ana;     2.6;4.1;2.3;2.872.87 2.87
9;Pedro;   2.7;4.0;2.0;2.672.67 2.67
10;Carlos; 3.7;2.8;1.0;1.811.81 1.81
1;María;      3.4;2.4;4.6;3.823.823.82 
2;Diego ;    4.5;4.3;2.3;3.123.123.12 
3;Sandra;    2.5;4.2;1.6;2.472.472.47 
4;Juan;        3.6;2.6;3.4;3.183.183.18 
5;Carlos;    2.5;3.4;3.6;3.433.433.43 
6;Manuel;    4.6;4.2;1.3;2.502.502.50 
7;Alberto;  4.6;3.8;4.8;4.484.484.48 
8;Ana;          2.6;4.1;2.3;2.872.872.87 
9;Pedro;      2.7;4.0;2.0;2.672.672.67 
10;Carlos;  3.7;2.8;1.0;1.811.811.81 
3;Sandra;  2.5;4.2;1.6;2.472.472.47 2.47
6;Manuel;  4.6;4.2;1.3;2.502.502.50 2.50
8;Ana;     2.6;4.1;2.3;2.872.872.87 2.87
9;Pedro;   2.7;4.0;2.0;2.672.672.67 2.67
10;Carlos; 3.7;2.8;1.0;1.811.811.81 1.81
1;María;      3.4;2.4;4.6;3.823.823.823.82 
2;Diego ;    4.5;4.3;2.3;3.123.123.123.12 
3;Sandra;    2.5;4.2;1.6;2.472.472.472.47 
4;Juan;        3.6;2.6;3.4;3.183.183.183.18 
5;Carlos;    2.5;3.4;3.6;3.433.433.433.43 
6;Manuel;    4.6;4.2;1.3;2.502.502.502.50 
7;Alberto;  4.6;3.8;4.8;4.484.484.484.48 
8;Ana;          2.6;4.1;2.3;2.872.872.872.87 
9;Pedro;      2.7;4.0;2.0;2.672.672.672.67 
10;Carlos;  3.7;2.8;1.0;1.811.811.811.81 
3;Sandra;  2.5;4.2;1.6;2.472.472.472.47 2.47
6;Manuel;  4.6;4.2;1.3;2.502.502.502.50 2.50
8;Ana;     2.6;4.1;2.3;2.872.872.872.87 2.87
9;Pedro;   2.7;4.0;2.0;2.672.672.672.67 2.67
10;Carlos; 3.7;2.8;1.0;1.811.811.811.81 1.81
3;Sandra;  2.5;4.2;1.6; 2.47
6;Manuel;  4.6;4.2;1.3; 2.50
8;Ana;     2.6;4.1;2.3; 2.87
9;Pedro;   2.7;4.0;2.0; 2.67
10;Carlos; 3.7;2.8;1.0; 1.81
3;Sandra;  2.5;4.2;1.6; 2.47
6;Manuel;  4.6;4.2;1.3; 2.50
8;Ana;     2.6;4.1;2.3; 2.87
9;Pedro;   2.7;4.0;2.0; 2.67
10;Carlos; 3.7;2.8;1.0; 1.81
3;Sandra;  2.5;4.2;1.6; 2.47
6;Manuel;  4.6;4.2;1.3; 2.50
8;Ana;     2.6;4.1;2.3; 2.87
9;Pedro;   2.7;4.0;2.0; 2.67
10;Carlos; 3.7;2.8;1.0; 1.81
1;María;      3.4;2.4;4.6;3.82 
2;Diego ;    4.5;4.3;2.3;3.12 
3;Sandra;    2.5;4.2;1.6;2.47 
4;Juan;        3.6;2.6;3.4;3.18 
5;Carlos;    2.5;3.4;3.6;3.43 
6;Manuel;    4.6;4.2;1.3;2.50 
7;Alberto;  4.6;3.8;4.8;4.48 
8;Ana;          2.6;4.1;2.3;2.87 
9;Pedro;      2.7;4.0;2.0;2.67 
10;Carlos;  3.7;2.8;1.0;1.81 
